  0.00031726515081966  0.00035538354460670  0.00039268410792503  0.00042772916386512
  0.00045986638498123  0.00049127019042434  0.00052230713655730  0.00055199502394382
  0.00058891427535406  0.00063251019561375  0.00067552153340683  0.00071958296816255
  0.00076222757497859  0.00080218221726757  0.00084167627467942  0.00087207704945227
  0.00098075969322420  0.00117958395325965  0.00137474830449484  0.00156771367993615
  0.00175586934885716  0.00195098589589916  0.00215150924872726  0.00229750172283600
  0.00242381598008733  0.00253183455725709  0.00264716344218923  0.00275823222833786
  0.00288496406612229  0.00302730030748337  0.00318123778247657  0.00333739463317579
  0.00349617042518108  0.00365695183879951  0.00381556436753993  0.00397554552954281
  0.00413585264608037  0.00429591933860554  0.00446018700521075  0.00462771274259005
  0.00479888774300983  0.00498125068010108  0.00516626715426300  0.00535547721584443
  0.00555081533919938  0.00574933890340781  0.00594742893018715  0.00614696022454995
  0.00635024607589767  0.00656329841388460  0.00679089064109156  0.00702516409842177
  0.00726478070544651  0.00750986571672113  0.00776674231610759  0.00803653929058603
  0.00831675172152346  0.00860638924993443  0.00890677837055587  0.00922461066241352
  0.00956407809073938  0.00991834233838028  0.01028646601044638  0.01067115103086019
  0.01107576415745271  0.01149703087452429  0.01195423335859718  0.01245041080885466
  0.01300245246406791  0.01361305969864467  0.01425856648450630  0.01492066795574739
  0.01560388666188859  0.01633686056525029  0.01717831278769284  0.01809629530685304
  0.01910501542632561  0.02020123147528331  0.02142497559905684  0.02275936288955363
  0.02422803723251695  0.02585733277757374  0.02763364051363916  0.02960561759196280
  0.03178566097344807  0.03425173790588683  0.03702396250065612  0.04024961719403383
  0.04418400971642008  0.04971531364235755  0.05719205965652751  0.06690490415533389
  0.08348514477118874  0.11472559220511047  0.65943784678337414  1.00000000000000000
 -0.00263181493508016  0.01064431753183144  0.02197071346631357  0.03309030065656815
  0.04427882425680816  0.05564117427601769  0.06753877746261561  0.08005863180549808
  0.09260009045894108  0.10516087486749665  0.11738929046317079  0.12980769535672559
  0.14170038543294974  0.15301863217736675  0.16394508466371427  0.17452228836971381
  0.18531295934724401  0.19606731936838370  0.20706904728295109  0.21838822229902483
  0.23014434074015247  0.24239965694924612  0.25486238256826510  0.26690791952375015
  0.27802790570806335  0.28840187185691035  0.29837078967188996  0.30834152708219231
  0.31811956361801230  0.32833869586404080  0.33929872927067062  0.35071651626755468
  0.36188065445576895  0.37278232793287353  0.38366291134590746  0.39463897837684109
  0.40572285184242546  0.41686804918008574  0.42810819377210696  0.43974478202013018
  0.45144289263114584  0.46269015810159259  0.47322509395647611  0.48391846792589205
  0.49532806309743171  0.50749046018491950  0.52033054290641356  0.53318521352849824
  0.54572467745430298  0.55772067043181117  0.56933982823379825  0.58055134901038419
  0.59174810339863970  0.60302795917158913  0.61410244262154368  0.62518420734314362
  0.63493805778367329  0.64479207577000752  0.65528427875064055  0.66606280201069268
  0.67696948178152638  0.68757558717676204  0.69894363874914356  0.71030417900543097
  0.72058662156948461  0.73138872438167501  0.74191105746101382  0.75263655983891997
  0.76326739406149646  0.77435488088552773  0.78605054258147089  0.79803551935394434
  0.80985293811014325  0.82160022048958492  0.83379706958212141  0.84667286969682931
  0.85906073313940823  0.87058501630189189  0.88120203371553663  0.89119026427839265
  0.90158621989419407  0.91216688863401441  0.92275351475819423  0.93323232938859868
  0.94458646993288320  0.95638981905089060  0.96798765475541915  0.97711350279639031
  0.98072258060707962  0.98379181978042596  0.98701408533463897  0.98994581335171716
  0.99248733936592026  0.99500388409456231  0.99750675210015871  1.00000000000000000
  0.01670186612739664  0.06901821575234798  0.09752430364777294  0.11835896763502868
  0.13628503185780069  0.15267613959123183  0.16781143351799321  0.18214256752319941
  0.19538566535704080  0.20751494812711221  0.21872785464301581  0.22933907495362724
  0.23960360069599748  0.24951390083762415  0.25965640610745017  0.26975408530941286
  0.27956105245606205  0.28891966008293524  0.29754864653385771  0.30577710093878707
  0.31380414340821472  0.32158232772525158  0.32920482849705363  0.33686426204536651
  0.34437007974445821  0.35179051327515531  0.35924143477914061  0.36656447155310329
  0.37378343254355573  0.38113832714316304  0.38850845151773250  0.39626299738172271
  0.40391044155861255  0.41136844935982669  0.41846966801928459  0.42531739309817096
  0.43211802551595041  0.43880962855421762  0.44537030793323268  0.45192334074775853
  0.45824862623510082  0.46432141022723106  0.47033466728768020  0.47656209207868899
  0.48284039434158788  0.48885591481037705  0.49487976193170896  0.50103343472891471
  0.50732629781933081  0.51366454768858261  0.51987677606865190  0.52621409244022377
  0.53284698255141449  0.53925748358953463  0.54580835515879078  0.55248725676710642
  0.55904990403627874  0.56594811533597311  0.57305528295580610  0.58024220935261139
  0.58746884878907024  0.59478639547740542  0.60220708390930355  0.60992345905997425
  0.61764491392357246  0.62552297967525106  0.63359601631303242  0.64173010111823670
  0.65042651371662419  0.65959800427502302  0.66846484966604136  0.67695457973409756
  0.68544647712967033  0.69402095636074279  0.70240678664000367  0.71064585234881061
  0.71916566171327001  0.72797854886857294  0.73748312299761887  0.74776971120416069
  0.75910703363372023  0.77114893341515889  0.78428645803786201  0.79869095907775478
  0.81539506299679920  0.83645173210905277  0.85124389112736154  0.85628053077152755
  0.86176785003020395  0.86752234659872407  0.87362046284935657  0.87987790162754587
  0.88668133733770249  0.89406598111743874  0.90361250634443790  1.00000000000000000
 -0.01780991126512637  0.11531907195026490  0.16730353854669242  0.20127723594552971
  0.22797484919565350  0.24953365972242977  0.26702601140811660  0.28184661358780133
  0.29501107569078650  0.30731548187199015  0.31891497755983012  0.32992233324176595
  0.34022653456543589  0.35034143064780515  0.36046333325318120  0.37087041460335968
  0.37687838743278601  0.37885085830920878  0.38098805216304876  0.38310510256406460
  0.38519204493686321  0.38724529214203879  0.38929518305408733  0.39135101365419950
  0.39340483087708145  0.39541320360082799  0.39736823147181977  0.40463127130152021
  0.41178507723514018  0.41877617976635606  0.42559879593740318  0.43223286750009865
  0.43902256619935354  0.44598628664379780  0.45288570168872738  0.45956606078507878
  0.46611546835884127  0.47259234574250281  0.47908138836223629  0.48533381003051795
  0.49154065537868669  0.49757883481201776  0.50326228246775051  0.50855702776706657
  0.51387825969043921  0.51916282742136177  0.52436155254963024  0.52956702946830059
  0.53478564235018367  0.54007503250498334  0.54541558837441451  0.55059164801435101
  0.55600834265543375  0.56139084164886521  0.56751102398086861  0.57348360537461085
  0.57920252421000429  0.58477366307029310  0.59022862536017751  0.59574449344543223
  0.60136656333567007  0.60692169708915866  0.61240894139011148  0.61786932585569065
  0.62335918510789778  0.62924142715398668  0.63517973612869227  0.64109712375991246
  0.64697387903760606  0.65278596090767904  0.65871241588083318  0.66471032440222055
  0.67078555410878637  0.67694012209902310  0.68318103331246083  0.68960576030244902
  0.69657200093730365  0.70378268825000057  0.71115297178494619  0.71849804787352278
  0.72570809595511587  0.73314521236396379  0.74096574320894759  0.74928238737252217
  0.75762512624492162  0.76561293779077944  0.77437109464210596  0.78369744911660943
  0.79418940714899500  0.80576467248216532  0.81907010823679693  0.83481760765802371
  0.85339080919512844  0.87711921879334820  0.91401258786941464  1.00000000000000000
   4.6053416614154842E-012  -1.0000000000000000     
 T F F F T F F F
  <DiscreteSampler_grid>
  grouped_processes
  1 # 1 for a reference and 2 for a running grid.
  10 # Attribute 'min_bin_probing_points' of the grid.
  1 # Attribute 'grid_mode' of the grid. 1=='default',2=='initialization'
  0.0000000000000000 # Attribute 'small_contrib_threshold' of the grid.
  0.5000000000000000 # Attribute 'damping_power' of the grid.
 # binID   n_entries weight   weight_sqr   abs_weight
    22   10   1.284087491271720E+003   4.170741442515031E+006   1.284087491271720E+003
    23   10   1.284087491271720E+003   4.170741442515031E+006   1.284087491271720E+003
    25   10   1.284087491271720E+003   4.170741442515031E+006   1.284087491271720E+003
    26   10   1.284087491271720E+003   4.170741442515031E+006   1.284087491271720E+003
    28   10   1.528617939003044E+004   6.378690700704319E+008   1.528617939003044E+004
    29   10   1.528617939003044E+004   6.378690700704319E+008   1.528617939003044E+004
    31   10   1.528617939003044E+004   6.378690700704319E+008   1.528617939003044E+004
    32   10   1.528617939003044E+004   6.378690700704319E+008   1.528617939003044E+004
  </DiscreteSampler_grid>
