  0.00039589051445822  0.00042993867999504  0.00050663265143026  0.00063931838909858
  0.00079017118952463  0.00093229777534177  0.00107738904001727  0.00122511772956508
  0.00137912508073456  0.00154711851703055  0.00172075490342602  0.00189718498711048
  0.00210608329875840  0.00227847660749933  0.00240261078007799  0.00250788632393002
  0.00262553637457488  0.00273778237031151  0.00285643349854294  0.00299845277174661
  0.00314778601582975  0.00329584378166123  0.00344500907318033  0.00359628532386680
  0.00375245525764158  0.00392006463700088  0.00409442983324319  0.00427232967347433
  0.00445501656277873  0.00464242830665801  0.00483411565895052  0.00503195443313837
  0.00523582677532069  0.00543758772399944  0.00563264593545519  0.00582036395300283
  0.00601569426776325  0.00622932385329214  0.00645812554985946  0.00669386288380120
  0.00692929139137959  0.00717822745927525  0.00743190207587641  0.00769257241930934
  0.00795505326125286  0.00821759527899795  0.00848763974151571  0.00876800691771240
  0.00905976857440038  0.00936111588696603  0.00968169597761764  0.01001027681041597
  0.01034805852316574  0.01070258052986750  0.01107161919286335  0.01145951437843592
  0.01186579608987793  0.01228712549921179  0.01272890875825249  0.01319467791702503
  0.01368014788671896  0.01417706748249221  0.01469255763963933  0.01523417575838442
  0.01579458700389702  0.01635889564466867  0.01692474612930821  0.01753087321701866
  0.01816396288481821  0.01881655445873499  0.01951445896427961  0.02029552764924037
  0.02112438144679273  0.02202989023855340  0.02300371692647394  0.02403571539939661
  0.02509390593529454  0.02622452086915688  0.02746824242938717  0.02886303632566641
  0.03036303885825599  0.03199224375211702  0.03386331928857759  0.03616082605284394
  0.03876655732015553  0.04158280879362707  0.04502132128436117  0.04948720306715597
  0.05467963949544335  0.06042992318142597  0.06694424455904339  0.07412051530211558
  0.08395931449246236  0.10273146600585784  0.62986536809336757  1.00000000000000000
 -0.00231808233453460  0.00926142938998911  0.01870521871328569  0.02920272281250005
  0.03939874312301540  0.05008874729057860  0.06050242643735119  0.07334971035608591
  0.08535059205074515  0.09715819688948181  0.10833444576845776  0.11965887710845254
  0.13005025641626175  0.13994700965140747  0.15001174462683431  0.16066994139776131
  0.17248182116659530  0.18469105362003099  0.19644376988785536  0.20771226539340767
  0.21859520837898766  0.22929810322012406  0.23988193478003453  0.25048855448502816
  0.26116277693003631  0.27170217579442346  0.28228432642121293  0.29302758372780141
  0.30395119871018877  0.31483893808878316  0.32559525697713765  0.33611088603570871
  0.34646231641341513  0.35650028712706328  0.36632027231432046  0.37625354876217926
  0.38652341757288844  0.39709907084296819  0.40777715952330246  0.41852522323105279
  0.42925137820786086  0.43963732320708088  0.45009825135288195  0.46080962335358144
  0.47169778340707269  0.48254379093519412  0.49350106428679147  0.50487921523752977
  0.51634133424030138  0.52769918943514038  0.53880075902364677  0.54942611249886986
  0.55994007182027272  0.57061300697924977  0.58141380336897475  0.59151194503481452
  0.60122749930658237  0.61124022401374190  0.62117803085242729  0.63085404445344628
  0.64034768118931373  0.64974589292065899  0.65943482866913516  0.66955396232296649
  0.68045656688982692  0.69154899807041503  0.70248453134298383  0.71288117482500668
  0.72265097760182695  0.73202777026912447  0.74123274551882790  0.75067031367349912
  0.76070734461047096  0.77101856211543207  0.78170138788104182  0.79251377417589597
  0.80361219461535971  0.81482637362961075  0.82576024284356675  0.83642429122857187
  0.84703934515925805  0.85743574385743460  0.86734673022094122  0.87743536116406906
  0.88816100386046204  0.89942568259605793  0.91058087825881739  0.92137107322940137
  0.93146639651402574  0.94114176795795668  0.95090060514285113  0.96069655131068166
  0.97046369708172275  0.97998143865127463  0.98996703159336918  1.00000000000000000
  0.01603883544465611  0.06732946997069268  0.09387060357981838  0.11407985240361840
  0.13087627188110665  0.14541152323376877  0.15886629370224387  0.17084266971291107
  0.18210637005374897  0.19332611003432121  0.20459917719273529  0.21519192435093984
  0.22519084932926506  0.23502611371820242  0.24468972959067298  0.25378259341051285
  0.26234918720854622  0.27047803738994641  0.27852333879011809  0.28658749406896894
  0.29451588694476583  0.30229145762005216  0.30987797505991843  0.31714447464133821
  0.32412782050028782  0.33098092154865277  0.33782866193452143  0.34470193011518169
  0.35150372499399457  0.35830181643855202  0.36508849166537843  0.37186158605513786
  0.37812797187312341  0.38436145093862567  0.39057929676899683  0.39692349507830199
  0.40323902343129542  0.40944636074300927  0.41550976702465897  0.42168092564623211
  0.42807285888545332  0.43452485432936133  0.44124844711160682  0.44792621041856717
  0.45435111700891978  0.46066351621897977  0.46674908765808226  0.47282351523197913
  0.47908159844961579  0.48560657920408340  0.49218213178163689  0.49866334752080066
  0.50506866389901284  0.51142000009292099  0.51773893781536195  0.52397021465378368
  0.53012162764082738  0.53655061370237001  0.54289170425722699  0.54928118473958165
  0.55531420255075858  0.56120722402798329  0.56721047853969686  0.57339701174949553
  0.58019054941050074  0.58766383798396316  0.59505691267719785  0.60215407478161798
  0.60941322484219562  0.61708064706778820  0.62508449281041856  0.63313471767769391
  0.64099038328062119  0.64865590498530801  0.65619043192047877  0.66373601786079450
  0.67117924420346220  0.67849014586676615  0.68609491911690856  0.69384283483926690
  0.70203347582910647  0.71083366141237836  0.72083595325641536  0.73069501880030985
  0.74030317692614711  0.75016020688054552  0.76053148006428306  0.77134214742587071
  0.78227092884705829  0.79335328629689039  0.80778840845377375  0.82396393678089352
  0.84444413270685348  0.87041234307025528  0.90924255273774479  1.00000000000000000
 -0.01797843965978358  0.11953309869904102  0.17028194759969950  0.20400960008296731
  0.22789660407300880  0.24725844143108303  0.26420967100131404  0.27953863007185292
  0.29318151656757663  0.30552905556061871  0.31734893206642600  0.32877017121879853
  0.33981759756005253  0.35030643980208803  0.36005547214746064  0.36880727250869938
  0.37695098500688395  0.38464864913596658  0.39216397674491460  0.39955941336346262
  0.40677912726237375  0.41387183554205104  0.42075383637799002  0.42742312476204697
  0.43401889004775174  0.44047098365889242  0.44661072364741849  0.45247864183818165
  0.45811992809617924  0.46353053178122222  0.46878566481810746  0.47418594550477605
  0.47959508496717135  0.48513112617727960  0.49079669873252207  0.49649383444999207
  0.50217562027589524  0.50762935726420910  0.51293289714169776  0.51825168678210010
  0.52360702890664679  0.52904968847522449  0.53476464521353895  0.54075006207256038
  0.54603113858971597  0.55113494960173570  0.55602019290816040  0.56081896959967426
  0.56566573505372897  0.57062025759039359  0.57563386833476959  0.58054419708172578
  0.58537389881023205  0.59012843808640669  0.59471770892989506  0.59933318434507876
  0.60415272306644086  0.60925015193737975  0.61457380707794584  0.61989523010784342
  0.62501605942673122  0.62995751026678493  0.63485156902725826  0.63986044398140074
  0.64503926494161412  0.65016500454190107  0.65538400630453675  0.66071583611589668
  0.66607888692932649  0.67139600532354837  0.67659730323261469  0.68170033455156531
  0.68692922904197040  0.69250838562275874  0.69825770177557811  0.70420776394422124
  0.71049206730425507  0.71696085791902198  0.72364095817888341  0.73043714846022034
  0.73738658976161442  0.74413719301772518  0.75075433107296885  0.75732526804087130
  0.76458758041357711  0.77257546329489535  0.78124122453010514  0.79005895723649822
  0.79919628832632983  0.80907068727403253  0.82114865850618890  0.83589824976663774
  0.85324371788819497  0.87556142311147178  0.91165719172283211  1.00000000000000000
   7.0308695794287973E-011  -1.0000000000000000     
 T F F F T F F F
  <DiscreteSampler_grid>
  grouped_processes
  1 # 1 for a reference and 2 for a running grid.
  10 # Attribute 'min_bin_probing_points' of the grid.
  1 # Attribute 'grid_mode' of the grid. 1=='default',2=='initialization'
  0.0000000000000000 # Attribute 'small_contrib_threshold' of the grid.
  0.5000000000000000 # Attribute 'damping_power' of the grid.
 # binID   n_entries weight   weight_sqr   abs_weight
    22   10   4.477715200809703E+005   1.321056766132009E+012   4.477715200809703E+005
    23   10   4.477715200809703E+005   1.321056766132009E+012   4.477715200809703E+005
    25   10   4.477715200809703E+005   1.321056766132009E+012   4.477715200809703E+005
    26   10   4.477715200809703E+005   1.321056766132009E+012   4.477715200809703E+005
    28   10   1.242740741956902E+006   5.174859011177770E+012   1.242740741956902E+006
    29   10   1.242740741956902E+006   5.174859011177770E+012   1.242740741956902E+006
    31   10   1.242740741956902E+006   5.174859011177770E+012   1.242740741956902E+006
    32   10   1.242740741956902E+006   5.174859011177770E+012   1.242740741956902E+006
  </DiscreteSampler_grid>
