 -0.00299323168525859  0.02222971698005291  0.03168041462094454  0.04135196622884057
  0.05102020828760447  0.06055853864831510  0.06998545250315880  0.07902639334878865
  0.08778568531707882  0.09718359977833775  0.10637589209937146  0.11594035902781229
  0.12542684685025721  0.13496111649660816  0.14512027018269355  0.15457207844204382
  0.16348163472346616  0.17255474919377012  0.18140801433392781  0.19000844760719840
  0.19874132616633164  0.20795527475901585  0.21769767164002507  0.22700481143681461
  0.23576532354319774  0.24423792768391700  0.25252712847932057  0.26083670916035745
  0.26941877065417330  0.27807249375661564  0.28644468256635602  0.29450263061710624
  0.30232672481254780  0.31019269539012684  0.31837065297332245  0.32664191626132794
  0.33493558656152395  0.34319747823511304  0.35138833836753514  0.35936546517593204
  0.36708271687876876  0.37468975603476223  0.38221379212828122  0.38969201052291230
  0.39734401844026568  0.40523614614631892  0.41314601783288762  0.42097697777909432
  0.42887995261330319  0.43685328682433411  0.44479668741849476  0.45273244633168391
  0.46074098549435433  0.46896135273582551  0.47727896412531362  0.48554036075539331
  0.49401001156883678  0.50275629570653746  0.51176472009739438  0.52092008336856988
  0.52979607307694609  0.53874475526508314  0.54799106834453637  0.55756156612479280
  0.56718848705837477  0.57652017697055191  0.58549656773060377  0.59467391105947587
  0.60418743084032123  0.61409310513296866  0.62417297108881609  0.63434891649020764
  0.64459683762797582  0.65504661275333276  0.66635369484973495  0.67656177969483366
  0.68691075048213646  0.69743662847354904  0.70810621810937924  0.71902114620337110
  0.73046778641656107  0.74213839557591643  0.75399236108364431  0.76595165642130536
  0.77834879926215139  0.79128896569847196  0.80472909595268471  0.81908885412742893
  0.83500379827951388  0.85107120467057606  0.86775114112487772  0.88563374365276726
  0.90546984790962104  0.92813609353791704  0.95592649259986751  1.00000000000000000
 -0.00202030329061018  0.00980240936141864  0.02006282262867997  0.03095527464437594
  0.04157681348521375  0.05234886589149242  0.06336099106570658  0.07421983839229049
  0.08543896002866844  0.09669940850030634  0.10808269473569385  0.12000139385454092
  0.13201661915106155  0.14400458621825424  0.15576797966841330  0.16722980832822909
  0.17875139004737511  0.18999446111940993  0.20182776001470482  0.21300054949767297
  0.22426763495260765  0.23510840585601234  0.24601543913944254  0.25691340392454209
  0.26769351192352558  0.27838903071709298  0.28863032217425755  0.29912315417269891
  0.30980409683672600  0.31993861150432135  0.32974783561733501  0.33982182505610425
  0.35008304486436082  0.36015087626444048  0.37004807975204967  0.38045604787785697
  0.39141319663534085  0.40274561259807662  0.41357165564585774  0.42369596459415276
  0.43361825003760263  0.44378086724393551  0.45427456835157914  0.46471487377497933
  0.47497530821251205  0.48570280482116601  0.49677305210679806  0.50791662542672400
  0.51909107177787439  0.53012748401800902  0.54117100554818354  0.55193658877706264
  0.56212724696640093  0.57197720358951742  0.58212582838266791  0.59313618533058798
  0.60435849284312804  0.61449883393625060  0.62443722041728000  0.63428781946070878
  0.64393988867894902  0.65342902401480041  0.66288424046343075  0.67270103067421905
  0.68299725586097171  0.69383024912850422  0.70464169097647633  0.71506799459408976
  0.72563262317299870  0.73687012904989857  0.74815575821919822  0.75862523589046260
  0.76840640970187091  0.77790782233850264  0.78743914818723448  0.79727439120136490
  0.80726138518757351  0.81720537280251049  0.82696277661124795  0.83701387414266915
  0.84760776821743444  0.85826678119719957  0.86904402394249702  0.88003661709596948
  0.89080611593025383  0.90101205706656828  0.91076880824345519  0.92085905345680574
  0.93123437540947074  0.94148506770878260  0.95163893372823871  0.96166785562909152
  0.97136416555398308  0.98078486908301821  0.99004039988805526  1.00000000000000000
  0.01690188824396889  0.06482536384175611  0.08829717492670125  0.10533748630695614
  0.11958771497806467  0.13327933353388313  0.14709605900839495  0.16014926249009601
  0.17185316074125195  0.18262505480963456  0.19253354880092896  0.20171611456010097
  0.21055080822195640  0.21892907354624114  0.22752038109941999  0.23606594455903640
  0.24453472972755239  0.25236539090456511  0.25949711713768187  0.26642146267269257
  0.27335550825708027  0.28028282183068681  0.28717544428135694  0.29404370541707142
  0.30080108515200210  0.30744959129234978  0.31401056302126834  0.32108748959997457
  0.32808240543735784  0.33520065474582628  0.34222121819499524  0.34911395451816735
  0.35594208850628634  0.36270877677624508  0.36951561979347386  0.37643858641985101
  0.38326804291297378  0.39027250385037959  0.39726826306219298  0.40376106976089393
  0.41029007284672842  0.41659181840261711  0.42279576683586051  0.42899637404831781
  0.43498926500666713  0.44067883888699316  0.44620455938327108  0.45179822351286497
  0.45779759448215107  0.46346126750229277  0.46943906725199652  0.47506891736338369
  0.48089334547710388  0.48653139357485636  0.49221090308358095  0.49791646440908843
  0.50372544756975091  0.50955688932392562  0.51536338371743995  0.52125204248071999
  0.52750789872700876  0.53409870337497267  0.54069817561165112  0.54723400072032802
  0.55345248012742443  0.55958995811315049  0.56604497837350909  0.57292955953542035
  0.57988590692916153  0.58704647358048856  0.59461521915047144  0.60229919021741063
  0.61031429806083215  0.61835528418555297  0.62603446302376642  0.63393495027667790
  0.64190776425005092  0.64991685379268982  0.65799947114970547  0.66649883980551428
  0.67564858304618980  0.68504581238381934  0.69428592485527663  0.70338364305673329
  0.71281524198760893  0.72278530736561875  0.73373876951430317  0.74541421132029639
  0.75802630852964448  0.77132701869678810  0.78635773683641152  0.80410458311555666
  0.82506466962937042  0.85023065478423743  0.88942156537150618  1.00000000000000000
 -0.01657130362637386  0.12551067629824633  0.18547443860320081  0.22509145671080175
  0.25398475325799602  0.27700553284265345  0.29602638975939111  0.31204973728960528
  0.32577348897278796  0.33818544422347963  0.34959934197256748  0.36008840998106662
  0.36979956057288660  0.37919166845288221  0.38851180474396191  0.39761369311965739
  0.40636008467526141  0.41469481412028397  0.42216823358232153  0.42898322744851969
  0.43568950295131492  0.44212597876860765  0.44845035836758135  0.45472473067831715
  0.46096364994308103  0.46710148445970379  0.47306285561790651  0.47897102992685919
  0.48488253741644766  0.49087299655158562  0.49680284341293768  0.50251190575729410
  0.50808539944377218  0.51347617822596348  0.51891307571868839  0.52434259965955721
  0.52975157210893886  0.53509325172346112  0.54033525081238476  0.54553114896326871
  0.55067236917355233  0.55563817550348271  0.56067589734658863  0.56582318029270517
  0.57108267267125767  0.57639821860743712  0.58163786690156316  0.58668644912987711
  0.59154672871519665  0.59628853599248688  0.60097915136389879  0.60569042848264643
  0.61026294565304817  0.61498175731560512  0.61978027160314986  0.62457983038163267
  0.62944015147214127  0.63433955524097152  0.63916144846155776  0.64385797162218172
  0.64849823085250269  0.65308967341302471  0.65782871273092036  0.66283831786224379
  0.66817572894066180  0.67383815891395504  0.67965239620272533  0.68529927401867163
  0.69084188292932580  0.69614941142463382  0.70150698910367970  0.70690639145164835
  0.71239166052725289  0.71808651465608908  0.72398759926540635  0.72991139058090171
  0.73577036756012371  0.74171865140831095  0.74779417288421346  0.75404667305083450
  0.76076992167203794  0.76758401295892476  0.77450906432263322  0.78144549975129196
  0.78845372712503070  0.79591086076875328  0.80403164165655361  0.81259780276634208
  0.82192745678080137  0.83198790018408630  0.84338973860363908  0.85655201996083730
  0.87168521916380326  0.89127315140809937  0.92245942828248084  1.00000000000000000
   2.5156924770223481E-008  -1.0000000000000000     
 F F F F F F F F
  <DiscreteSampler_grid>
  grouped_processes
  1 # 1 for a reference and 2 for a running grid.
  10 # Attribute 'min_bin_probing_points' of the grid.
  1 # Attribute 'grid_mode' of the grid. 1=='default',2=='initialization'
  0.0000000000000000 # Attribute 'small_contrib_threshold' of the grid.
  0.5000000000000000 # Attribute 'damping_power' of the grid.
 # binID   n_entries weight   weight_sqr   abs_weight
    22   10   9.195125850750405E+006   2.201291549723367E+014   9.195125850750405E+006
    23   10   9.195125850750405E+006   2.201291549723367E+014   9.195125850750405E+006
    25   10   9.195125850750405E+006   2.201291549723367E+014   9.195125850750405E+006
    26   10   9.195125850750405E+006   2.201291549723367E+014   9.195125850750405E+006
    34   10   1.079433573626457E+007   3.009224065362636E+014   1.079433573626457E+007
    35   10   1.079433573626457E+007   3.009224065362636E+014   1.079433573626457E+007
  </DiscreteSampler_grid>
