  0.00029984301469749  0.00033583475932528  0.00038122856640061  0.00043208430427968
  0.00047955261395301  0.00053488737966017  0.00059436766991432  0.00065218475104063
  0.00071109261680682  0.00077301726041607  0.00084370550411168  0.00091918535034707
  0.00099598242194611  0.00107455272812951  0.00115460192430382  0.00124121124523004
  0.00133060343954456  0.00142351102976395  0.00154211704179955  0.00166547073847843
  0.00179576726538932  0.00193677760081752  0.00209170521717403  0.00225754560504184
  0.00236471899167152  0.00246183479569803  0.00257170432940574  0.00268330695119796
  0.00279317640473503  0.00293445787091193  0.00310761542189273  0.00329081723164517
  0.00347224506584393  0.00365871838212161  0.00384852390239116  0.00403497116957307
  0.00422584896585327  0.00442065586380531  0.00462288145981012  0.00483106355472336
  0.00504068524805376  0.00525315762010216  0.00546891522351766  0.00568164905091571
  0.00589607244829068  0.00611811446552189  0.00634281971327979  0.00656932943682209
  0.00679924412362955  0.00703602503140270  0.00728350247759416  0.00754234427902891
  0.00781237441304330  0.00809339732432564  0.00838714956680970  0.00870350800761050
  0.00903090753117977  0.00936519050614702  0.00971564612802615  0.01007690707085058
  0.01045396828825199  0.01084968119188298  0.01125749696065848  0.01167914058597773
  0.01212333041281396  0.01259371398559578  0.01309000970610233  0.01360677081583155
  0.01414594471610874  0.01473863435164397  0.01538331449415991  0.01608758001061346
  0.01681950424477806  0.01757521850277112  0.01837489419880741  0.01923510803523472
  0.02019196343762710  0.02120597953561741  0.02232153848661125  0.02355860526477246
  0.02491517810699185  0.02639897938804838  0.02810511126800675  0.03004074362928100
  0.03230807577214594  0.03509256382605441  0.03862133348273980  0.04299627306113002
  0.04804273020823945  0.05369672451726745  0.06100065556426264  0.07189195198789226
  0.08847984542674962  0.11975127440323501  0.79013757843904275  1.00000000000000000
 -0.00270465927856335  0.01038068676971842  0.02138280511123327  0.03019397390920031
  0.03912578022536475  0.04807866366857688  0.05712183373475196  0.06626849155839497
  0.07534065308205988  0.08554552069569603  0.09736770297907829  0.10854322221678947
  0.11876987190341455  0.12911118542161285  0.13993397982206565  0.15091306465204596
  0.16210415807712236  0.17452906174475852  0.18693971351111660  0.19816566862135274
  0.20882112538625758  0.21936278979675974  0.22988392123601659  0.23963578786795012
  0.24922081411278948  0.25997392666959795  0.27056362102020831  0.27965874643111549
  0.28790144162593179  0.29608097532889571  0.30463402869101069  0.31387464703910845
  0.32328529706099424  0.33237560374876951  0.34222410718461921  0.35292505150421838
  0.36360270215811519  0.37512408085095256  0.38601013741672691  0.39669709742153697
  0.40763434436195395  0.41874369457620625  0.43024469008025401  0.44192862763180318
  0.45383881879888988  0.46615216645627927  0.47784049244547572  0.48802796357364669
  0.49750880811916143  0.50711964463756609  0.51705214344950234  0.52723665452485169
  0.53708571781739467  0.54697860683594068  0.55668496491665120  0.56566718531856575
  0.57479956924205911  0.58453491750418285  0.59531102875954711  0.60605673699507523
  0.61626118554707987  0.62698883533756677  0.63834361425216490  0.64947031784524989
  0.66009998484963162  0.67062058695228766  0.68085756273667308  0.69111136098941839
  0.70161484839605770  0.71290066256061801  0.72447019218145237  0.73600705176328662
  0.74763326811378827  0.75722081221346715  0.76645415676407913  0.77572743981204928
  0.78618611516115477  0.79649015750816388  0.80678314364766668  0.81752229676457178
  0.82933722264552900  0.84067730004279129  0.85177722844836778  0.86299468371118626
  0.87424041552634546  0.88532163523992380  0.89674622203547028  0.90850608906775765
  0.92024216048743579  0.93155373014612408  0.94324208039644875  0.95503260945695789
  0.96628254269222857  0.97767111278080077  0.98839603418893551  1.00000000000000000
  0.01627187840514399  0.06939620508520315  0.09864420214668006  0.12046374870904414
  0.13844039352855797  0.15457395694388854  0.16895886120672113  0.18217603686953560
  0.19476601829998283  0.20700854204049030  0.21905450007449967  0.23049430422519604
  0.24096684687855605  0.25072706726713762  0.25981028364343622  0.26862765550234829
  0.27744546832737438  0.28621538741743913  0.29491875674506052  0.30329599990500306
  0.31160435628280408  0.31959027044902916  0.32778118737521000  0.33576333547827564
  0.34347268013018661  0.35084207158488667  0.35825762314540327  0.36577006753427777
  0.37343302512747872  0.38136102908532743  0.38937384846844553  0.39725152824999438
  0.40494874451314117  0.41264142819999738  0.42049661854465670  0.42829632623096442
  0.43652689812182305  0.44435951525489797  0.45216676239652659  0.45949895710125033
  0.46682066867122229  0.47409957193558439  0.48145717758938555  0.48901985056821440
  0.49648483072019800  0.50415204637504341  0.51212116719790124  0.51984999289065781
  0.52751884160429974  0.53510398252874558  0.54268882675146302  0.55028708155162187
  0.55785544270674370  0.56545187451472212  0.57303435093279131  0.58070971860881027
  0.58852114842687842  0.59641659374436584  0.60394370290791111  0.61078795856084167
  0.61735445009671397  0.62379945545688431  0.62977534891573139  0.63563740755351761
  0.64149049481682041  0.64730092600067324  0.65280291851477190  0.65829821186517712
  0.66395432903129281  0.67014352055881088  0.67644226665592821  0.68225995271485540
  0.68929907868527684  0.69760881562215427  0.70646175420513224  0.71544013990492772
  0.72444799427002182  0.73322097164638123  0.74142736748989069  0.74938251506523612
  0.75612344178207425  0.76377777940660962  0.77153333482342068  0.77890120488038950
  0.78826516763844912  0.79698627590637594  0.80561173028259137  0.81343464381232577
  0.82242089255524664  0.83372696291377824  0.84613429166057974  0.85717904276392209
  0.87065219159670060  0.88822980629512138  0.92041718509243275  1.00000000000000000
 -0.01756331363727331  0.12071124687601302  0.17591853568115984  0.20964877449246133
  0.23714909473942281  0.26004981289075574  0.27884713344769491  0.29570327453190842
  0.31094549979233205  0.32507669308800030  0.33858538597819232  0.35123122735341933
  0.36291378861866119  0.37324345469096071  0.38183095820973489  0.38996935372331193
  0.39810448534911003  0.40612274364258527  0.41372610997426984  0.42066817543829876
  0.42703624519960659  0.43313160173217963  0.43919982777024003  0.44558917269188758
  0.45180545585082404  0.45779867822903952  0.46370790217920760  0.46937830841945932
  0.47501005581167544  0.48081129511324389  0.48655041646670300  0.49234929320960436
  0.49832809873233408  0.50361850453555068  0.50881460273100587  0.51390519244555688
  0.51898778389207134  0.52411296022889442  0.52922006962873303  0.53442627007111421
  0.53966716852133656  0.54491999382005174  0.55017009239612225  0.55549464962296602
  0.56087275768817291  0.56613717101429650  0.57119359913134460  0.57618268242637682
  0.58107845750129861  0.58609776225936661  0.59110673886678100  0.59621347720471984
  0.60139289147440378  0.60639295297119888  0.61092351336741690  0.61548263654593227
  0.62009107359551074  0.62450158474204076  0.62852442089095095  0.63243295608957972
  0.63631407192975509  0.64016261145694919  0.64412076209226721  0.64820321572774808
  0.65229220603791771  0.65642711314804369  0.66076587279011423  0.66520989818714860
  0.67005322375126530  0.67503801554620124  0.67975375707705743  0.68432893374991788
  0.68923327771991127  0.69465584231729183  0.70046487719265127  0.70645945904320540
  0.71243878920057802  0.71855161299449155  0.72469559907297187  0.73124412547590167
  0.73763576725747215  0.74422904177825888  0.75128071379763395  0.75911197032386890
  0.76753867579106061  0.77665604516105047  0.78623951715234663  0.79568617870940639
  0.80473574622027000  0.81468870276985761  0.82583273993868134  0.83822662051356578
  0.85256489021998494  0.87564334327989657  0.91218464416294431  1.00000000000000000
   1.2940313284952553E-011  -1.0000000000000000     
 F F F F F F F F
  <DiscreteSampler_grid>
  grouped_processes
  1 # 1 for a reference and 2 for a running grid.
  10 # Attribute 'min_bin_probing_points' of the grid.
  1 # Attribute 'grid_mode' of the grid. 1=='default',2=='initialization'
  0.0000000000000000 # Attribute 'small_contrib_threshold' of the grid.
  0.5000000000000000 # Attribute 'damping_power' of the grid.
 # binID   n_entries weight   weight_sqr   abs_weight
    22   10   3.892012337484735E+004   4.432384938792772E+009   3.892012337484735E+004
    23   10   3.892012337484735E+004   4.432384938792772E+009   3.892012337484735E+004
    25   10   3.892012337484735E+004   4.432384938792772E+009   3.892012337484735E+004
    26   10   3.892012337484735E+004   4.432384938792772E+009   3.892012337484735E+004
  </DiscreteSampler_grid>
