 -0.00402854333741774  0.02318278740246671  0.03306980487276115  0.04279283107637508
  0.05256836975862200  0.06264705366452750  0.07231612170997131  0.08222539882315583
  0.09244299150941408  0.10216207965497341  0.11122406343515143  0.12064952121746397
  0.13014977439446518  0.13937594377839557  0.14799369568733567  0.15672776641012140
  0.16573378438273392  0.17501056713827834  0.18376424123234289  0.19214394743787633
  0.20071557110808907  0.20957069588771829  0.21843064492301884  0.22716989921035494
  0.23574217627912708  0.24406929525154206  0.25240717713413485  0.26059259962146092
  0.26860514155205356  0.27680395246077139  0.28496746940682854  0.29297653673815727
  0.30102033351832536  0.30912057952125910  0.31725994295119114  0.32528823448562416
  0.33308398066445771  0.34074924471656270  0.34848949942967261  0.35639332709631416
  0.36448196205043581  0.37295435661374127  0.38150329799202742  0.39002112043875009
  0.39827527713841032  0.40638893547573496  0.41431602751553220  0.42216429216236379
  0.42994911046227796  0.43780130045488075  0.44585238252994058  0.45398607779286476
  0.46221409688922710  0.47062144089659841  0.47909633504155741  0.48796602195974881
  0.49700668946305676  0.50630322944393402  0.51581669264315377  0.52537306311412879
  0.53461882781761938  0.54382619029589707  0.55300715957024937  0.56241022010302510
  0.57168184721984872  0.58057833013149340  0.58932229662518676  0.59804149874964896
  0.60667862322961585  0.61584637633019645  0.62548192666858515  0.63536973921613560
  0.64536639774770899  0.65543975043593439  0.66559404262379651  0.67582929146644655
  0.68610388425245072  0.69683170051867538  0.70752707700577555  0.71825438276502773
  0.72912299120001256  0.74005054714815188  0.75117581372208342  0.76230384931012229
  0.77411082811665044  0.78673324614699136  0.79978573256131480  0.81357068898671525
  0.82814115330373950  0.84322226960789259  0.85957101520204882  0.87764311599358025
  0.89868547658484976  0.92315783137498242  0.95821175755168153  1.00000000000000000
 -0.00212894537630202  0.00936053281268764  0.01961103176560841  0.03032163991847508
  0.04134473837447918  0.05294053361875790  0.06442386506797662  0.07576357100666384
  0.08643246711540270  0.09697811235580225  0.10756624606386052  0.11827668879115823
  0.12914148861524230  0.14032627280140197  0.15189465250008863  0.16380179836458109
  0.17586500808451888  0.18771223838833570  0.19935981452643292  0.21058114258988975
  0.22047308998134577  0.23030101596735997  0.23990506766033343  0.24946630432986225
  0.25937827493491444  0.26945092893184563  0.28032985986907999  0.29145584850830070
  0.30231609171421320  0.31326427426355741  0.32421816084538529  0.33499319213318413
  0.34509690310547259  0.35498937842297407  0.36484164263396890  0.37470956964701108
  0.38415262252093924  0.39384317238066840  0.40374711266872743  0.41423701496930027
  0.42472356530789834  0.43524984755945528  0.44599409018337455  0.45712332658807681
  0.46830168681821627  0.47945119673206887  0.49036258358814755  0.50112848168046831
  0.51144407568841033  0.52135427700342685  0.53096559565857715  0.54079500865729146
  0.55098980371886908  0.56122354477446468  0.57112915272908638  0.58086653752067519
  0.59056055687849329  0.60032811113733398  0.61014928837545490  0.62010480227653264
  0.63044589098109216  0.64105041519645634  0.65103635859595765  0.66045766887688728
  0.67027829593865673  0.68085271145144732  0.69118805382567483  0.70088855574803244
  0.71071754566937906  0.72098418719301194  0.73113126128355055  0.74123532335204212
  0.75175628901978342  0.76277708019251811  0.77428706251985968  0.78514214290216966
  0.79560109618796626  0.80554001465229808  0.81609833096335416  0.82695800668755737
  0.83766738731776003  0.84822587238986458  0.85915065310762506  0.86997340264719392
  0.88058293630228135  0.89134862584183283  0.90255957026692046  0.91575141945623340
  0.92795998556622794  0.94031922187195760  0.95105626422719769  0.96153601901075392
  0.97130470926099366  0.98097924071301079  0.99055588728568389  1.00000000000000000
  0.01673318799728978  0.06536987125504398  0.09106130240996915  0.11025052347106576
  0.12693265045783650  0.14107365375597289  0.15319230049394916  0.16444296565403055
  0.17519072814152969  0.18553897770797037  0.19529472168308390  0.20493835633597354
  0.21425798497324272  0.22312196468594997  0.23164584927387175  0.23980732106798947
  0.24782387554606242  0.25586611942619386  0.26397011273295573  0.27207478499250404
  0.28012794703914845  0.28781051907373639  0.29546341800535331  0.30252436679194139
  0.30959363913042881  0.31669559867567154  0.32392386867832734  0.33103282921474780
  0.33798713767291677  0.34484628774209819  0.35176714324673858  0.35839309864924057
  0.36481437433810293  0.37131445752166525  0.37767111450377205  0.38390778491349847
  0.39005880703485041  0.39607068385672928  0.40180451124363753  0.40741580674121902
  0.41307716168190589  0.41875024373202541  0.42466665814444732  0.43071656164997280
  0.43686962836854010  0.44288428542092817  0.44856973127987593  0.45404204017223393
  0.45949953999987064  0.46505856285823316  0.47075787501729366  0.47660514939482529
  0.48257541350014210  0.48860832954197680  0.49461981270882749  0.50072623290131457
  0.50743159730391219  0.51405322598749925  0.52042761605724763  0.52655551441779902
  0.53266584125394600  0.53897522554447119  0.54529116490392471  0.55131349563284193
  0.55728972112658315  0.56325127033644629  0.56924068515625270  0.57529079238424241
  0.58143102283506631  0.58793016734456915  0.59471502154401223  0.60149607322812060
  0.60837968944069853  0.61547752868139227  0.62269613757219056  0.63037708016865868
  0.63814882346329305  0.64582523585119045  0.65392910977357999  0.66236516592892691
  0.67102784553669415  0.67986302324345538  0.68894916077586588  0.69833082558949844
  0.70797148119098985  0.71804606942232108  0.72904826526307254  0.74135373854890563
  0.75468626377447634  0.76908077224486815  0.78567928119907438  0.80307894152080428
  0.82289024762039009  0.84784713217068430  0.88740536349742316  1.00000000000000000
 -0.01851348581261047  0.12868441061095440  0.18676808652350030  0.22540196464993212
  0.25325365667697008  0.27498922776811963  0.29284655268898058  0.30843547956231515
  0.32260830599592433  0.33592821513389637  0.34868672109135407  0.36054851629210721
  0.37128397424807197  0.38114066879470959  0.38999290700761580  0.39859768846542726
  0.40629373398251584  0.41403219189906032  0.42131198836727551  0.42842128792980994
  0.43517770588655141  0.44179308780225973  0.44825632371397756  0.45455382802906436
  0.46094673011523890  0.46727542944439898  0.47349312894001877  0.47954509857299005
  0.48526346320733088  0.49083430374195525  0.49632022954858324  0.50170666535151121
  0.50702345261534110  0.51232447314393226  0.51762067815799140  0.52275441486538055
  0.52771772280541196  0.53259838330703468  0.53753987990257579  0.54267823114672875
  0.54790504598917478  0.55291945963537870  0.55782901643174243  0.56267084362675057
  0.56750741786276537  0.57227713165868832  0.57695018878906190  0.58154728920383836
  0.58615297653984544  0.59092901690657262  0.59563597271538737  0.60034506939043564
  0.60502470991683099  0.60991044195249022  0.61487931619717751  0.61988364920675210
  0.62479095305250132  0.62953563689835312  0.63421883328631579  0.63895794780522430
  0.64383886489088304  0.64864440575118298  0.65331559660793714  0.65796561543673915
  0.66256483547234124  0.66715233115287820  0.67186865455700340  0.67679476523918880
  0.68188970698488549  0.68700836663323284  0.69207374335801564  0.69715807352706016
  0.70228606973468111  0.70758079061559587  0.71307496844386520  0.71869564087709026
  0.72419616722968183  0.73000698417933263  0.73632955378374243  0.74285778283586701
  0.74973590092590436  0.75695063557220510  0.76442211100209334  0.77204264362526964
  0.77986581278526168  0.78789195100615450  0.79629041076090434  0.80524651576887207
  0.81476241704853880  0.82529362513253712  0.83719661299246939  0.85059221127839812
  0.86560908888957178  0.88494763309103830  0.91670151805130218  1.00000000000000000
   2.6562757348592225E-015  -1.0000000000000000     
 F F F F F F F F
  <DiscreteSampler_grid>
  grouped_processes
  1 # 1 for a reference and 2 for a running grid.
  10 # Attribute 'min_bin_probing_points' of the grid.
  1 # Attribute 'grid_mode' of the grid. 1=='default',2=='initialization'
  0.0000000000000000 # Attribute 'small_contrib_threshold' of the grid.
  0.5000000000000000 # Attribute 'damping_power' of the grid.
 # binID   n_entries weight   weight_sqr   abs_weight
    22   10   2.174967335465517E+000   9.157402134396694E+000   2.174967335465517E+000
    23   10   2.174967335465517E+000   9.157402134396694E+000   2.174967335465517E+000
    25   10   2.174967335465517E+000   9.157402134396694E+000   2.174967335465517E+000
    26   10   2.174967335465517E+000   9.157402134396694E+000   2.174967335465517E+000
    34   10   1.969812603416383E+000   7.417973117518289E+000   1.969812603416383E+000
    35   10   1.969812603416383E+000   7.417973117518289E+000   1.969812603416383E+000
  </DiscreteSampler_grid>
