  0.00046282120636376  0.00073351790778634  0.00093676399726837  0.00112278469112896
  0.00131163450615667  0.00150396195640499  0.00170103033896455  0.00190128749667729
  0.00210937125920654  0.00230959473075668  0.00240485496661817  0.00251197601935743
  0.00263261035061534  0.00275658997855272  0.00287899755343638  0.00300054697454030
  0.00312066415874946  0.00324117137345906  0.00336528142230480  0.00349223462411271
  0.00362031702719784  0.00374941017099893  0.00388022230877195  0.00400943788164880
  0.00413872955850347  0.00426827890502322  0.00440168537264995  0.00453850713750756
  0.00467753336213050  0.00481865153878764  0.00496081952505177  0.00510655384634018
  0.00525018507330607  0.00539488438725997  0.00554054010512374  0.00568656520403663
  0.00583874279396491  0.00599444642260341  0.00615381087907212  0.00631809904940206
  0.00648521798310910  0.00665877384035788  0.00684033313842510  0.00702905420217824
  0.00722758316523088  0.00743359376044141  0.00764688199212298  0.00786781548580379
  0.00808931540359833  0.00831502393620625  0.00855176223176402  0.00880404838920501
  0.00905891094283019  0.00931799238470008  0.00958046657991584  0.00985526467041884
  0.01014043503991353  0.01043900594687988  0.01075687713816134  0.01109334743328125
  0.01144478544876192  0.01181143494230862  0.01220810746504248  0.01265336882990664
  0.01312494770137085  0.01362330543910564  0.01414084234549480  0.01466642675649725
  0.01520392403970786  0.01577516608006806  0.01639766681248192  0.01705562551317549
  0.01774593754002481  0.01844702918212461  0.01925163395666032  0.02011556648328838
  0.02109914584750892  0.02222403451983538  0.02339729826136660  0.02462876757443821
  0.02590293035150427  0.02731946311857099  0.02892108801370652  0.03084500719383279
  0.03317279077400168  0.03572359242515738  0.03866861377917784  0.04218654375439713
  0.04644376245370807  0.05174680660634221  0.05810857547520062  0.06667627301576939
  0.07909330143266328  0.09508511118475028  0.53955740860775647  1.00000000000000000
 -0.00216636896555752  0.00945248957797330  0.01948352256667391  0.03007185381645563
  0.04075603234691309  0.05192918355111182  0.06309313032046772  0.07414053922478231
  0.08483835197894735  0.09555521277135956  0.10627957542357946  0.11720872168161149
  0.12843854938264543  0.13970086700431833  0.15094768215858156  0.16190708307880547
  0.17314400877769245  0.18445006910468070  0.19576260349341335  0.20705648957822106
  0.21839265261766719  0.22934994123125169  0.23967533641526587  0.24970002982125508
  0.25953948953771977  0.26943169546471490  0.27948294553607278  0.28958882235273237
  0.30018433124071658  0.31076410314671232  0.32155225764238948  0.33208808410083346
  0.34221590101804578  0.35229618532336193  0.36260367628491785  0.37311930589913944
  0.38319101170154835  0.39313837212293418  0.40321866535682505  0.41349276854295264
  0.42326051676095705  0.43294264567957652  0.44321689549761073  0.45382487885405065
  0.46438195440906838  0.47479675180985892  0.48532984944849139  0.49571140381248385
  0.50551681415497463  0.51509434128128762  0.52492283069247914  0.53521941687092622
  0.54591637489504830  0.55673600620096442  0.56771031212808332  0.57888712930583408
  0.59003322965573624  0.60082272082300758  0.61107509349972022  0.62114362065280126
  0.63102887060982482  0.64093231237763881  0.65130096966871909  0.66216104350767058
  0.67271388407267851  0.68334926472593671  0.69400195271756637  0.70459844707217056
  0.71500785511627163  0.72555253565023436  0.73658357299682908  0.74767061108783162
  0.75798293460582600  0.76796274727466507  0.77794541079368995  0.78803042340690765
  0.79866465166715406  0.80957876929338579  0.82093636699907191  0.83210846017993645
  0.84282668297190844  0.85349790939580361  0.86441149909304205  0.87570492786814169
  0.88709685724832177  0.89820163065814629  0.90902888554917183  0.91956324274850654
  0.92954493042382091  0.93967654661941158  0.94980887339068742  0.95964406831430671
  0.96938090537253396  0.97933970697826456  0.98972858924255958  1.00000000000000000
  0.01606507766921038  0.07054898607285860  0.09886728811826546  0.11982231948659407
  0.13653745871310949  0.15129538083112634  0.16432119335467990  0.17622790571075234
  0.18722275440213595  0.19779373281710921  0.20796322510929513  0.21751592048869939
  0.22661756553344661  0.23542282489341290  0.24424795067325894  0.25274823116148054
  0.26093457928821434  0.26877094440567012  0.27645056804672502  0.28403708211385637
  0.29146406394234947  0.29873268118180529  0.30602303971083833  0.31335135622671922
  0.32062250825386657  0.32763335224713297  0.33438073227102405  0.34097060573308152
  0.34759711491593132  0.35433172646742522  0.36107514051067180  0.36794945529851331
  0.37477128935435333  0.38132593505838347  0.38770645408569476  0.39405890808202487
  0.40036625456282726  0.40669837213862886  0.41301116151600348  0.41921526076536025
  0.42526844551611087  0.43113900478446870  0.43686292407722510  0.44270023439571515
  0.44865365334350904  0.45461962972356879  0.46069871952586705  0.46687732786613584
  0.47315392076623219  0.47951692078552316  0.48579519843762947  0.49209826386252042
  0.49860309851154150  0.50520659663155498  0.51177114372670063  0.51848805085171856
  0.52518751677256326  0.53180037907957056  0.53829787276816565  0.54459849508687108
  0.55085252480336722  0.55733587382620620  0.56398396402023343  0.57076728725893022
  0.57762613299454613  0.58375598340861834  0.58963064147958943  0.59533260570850233
  0.60113310770835493  0.60750865309723079  0.61446589401028850  0.62156364575825818
  0.62883861669126562  0.63662186575484647  0.64467831811026310  0.65306650346348294
  0.66209951417403812  0.67082419308288721  0.67963961399470862  0.68853738159263878
  0.69734770183821648  0.70614999529875544  0.71519430467519207  0.72413859806466052
  0.73406330089663285  0.74495618561591448  0.75668334157399653  0.76803931407274517
  0.77936771593410714  0.79028195147554470  0.80248037545534578  0.81700806652267854
  0.83650727507266709  0.86272217368466797  0.89968014008373232  1.00000000000000000
 -0.01682482476284892  0.11400465212807021  0.16304952472263995  0.19636965490805020
  0.22128796656363492  0.24223972133292615  0.26122691111313268  0.27781404262200954
  0.29213930235452484  0.30506394237864776  0.31634384820726918  0.32620449393250706
  0.33566467149648915  0.34435159837668622  0.35264457581732833  0.36054869517701438
  0.36834015725022939  0.37614322149703161  0.38401949361667925  0.39178092262920772
  0.39918237527414613  0.40618512269834006  0.41319367989685546  0.42008539690973945
  0.42666780433119850  0.43317590278887658  0.43943239651998728  0.44540993186039080
  0.45112353660579840  0.45662882549104206  0.46208296371024155  0.46753381954776208
  0.47295144693396707  0.47826410842896472  0.48345030362706803  0.48853884255425778
  0.49359892452179938  0.49876602578371182  0.50412413109362419  0.50951764701515367
  0.51490481187138393  0.52005752948448747  0.52512587921205522  0.53018441639653957
  0.53524413225186429  0.54036153763561245  0.54558122435997847  0.55078567407520607
  0.55582448251351091  0.56078196475116460  0.56563376878140148  0.57057174621797058
  0.57563655843387262  0.58082790450265587  0.58606153005816053  0.59128408043001801
  0.59651660746546153  0.60168448167849897  0.60676153123232601  0.61187509308420684
  0.61706715429755044  0.62223632208427027  0.62737409572761249  0.63251546862540164
  0.63761907144927987  0.64268383585674249  0.64794329076810109  0.65349135615461851
  0.65901249459742772  0.66472011873369019  0.67050743632727783  0.67629730765653928
  0.68216592910673035  0.68807488684108908  0.69402531267662293  0.70009772269220094
  0.70641055463489388  0.71316661801426262  0.72022027777965714  0.72736770106926429
  0.73482789345736599  0.74239344143999442  0.74998065060452623  0.75729947097309291
  0.76483797956569710  0.77299267705984676  0.78187400288260078  0.79125488778248620
  0.80117637230016658  0.81182317190760067  0.82397926136425703  0.83776579391418549
  0.85421259485001355  0.87571529852338947  0.91146352333139269  1.00000000000000000
   1.1280360510873904E-012  -1.0000000000000000     
 T F F F T F F F
  <DiscreteSampler_grid>
  grouped_processes
  1 # 1 for a reference and 2 for a running grid.
  10 # Attribute 'min_bin_probing_points' of the grid.
  1 # Attribute 'grid_mode' of the grid. 1=='default',2=='initialization'
  0.0000000000000000 # Attribute 'small_contrib_threshold' of the grid.
  0.5000000000000000 # Attribute 'damping_power' of the grid.
 # binID   n_entries weight   weight_sqr   abs_weight
    22   10   3.739321510877350E+002   3.035445334270244E+005   3.739321510877350E+002
    23   10   3.739321510877350E+002   3.035445334270244E+005   3.739321510877350E+002
    25   10   3.739321510877350E+002   3.035445334270244E+005   3.739321510877350E+002
    26   10   3.739321510877350E+002   3.035445334270244E+005   3.739321510877350E+002
    28   10   4.614781236937942E+003   4.861880294523028E+007   4.614781236937942E+003
    29   10   4.614781236937942E+003   4.861880294523028E+007   4.614781236937942E+003
    31   10   4.614781236937942E+003   4.861880294523028E+007   4.614781236937942E+003
    32   10   4.614781236937942E+003   4.861880294523028E+007   4.614781236937942E+003
  </DiscreteSampler_grid>
