 -0.00346112842269169  0.02289006580945125  0.03281844839157687  0.04285546696915782
  0.05356081800331155  0.06425519516897546  0.07454318915665775  0.08455898936621146
  0.09481738897969190  0.10521143643098961  0.11492513264405407  0.12475525118010369
  0.13387083237228886  0.14224815396876830  0.15102548949498770  0.16095945312561591
  0.17009150237640155  0.17905179170341917  0.18811906647383936  0.19748573206157535
  0.20654133382557197  0.21530844939310720  0.22387169940743751  0.23244259246949839
  0.24107879262897142  0.24967839157702976  0.25818714017810135  0.26647756869440092
  0.27476850862818902  0.28325927765850895  0.29189149414374294  0.30056961103406471
  0.30925226700739339  0.31785925351419630  0.32637047993581120  0.33476813851094639
  0.34287193430213253  0.35075009551766079  0.35853521950656891  0.36630669545984201
  0.37402745338179960  0.38155462609721513  0.38974544620742008  0.39782412294647140
  0.40609840516674944  0.41441823228135316  0.42267518830188744  0.43100441897966174
  0.43909016751405616  0.44681632452804693  0.45461877302306009  0.46233422545756719
  0.46994923250919524  0.47770764543995575  0.48572564891169762  0.49387209202564081
  0.50211242169011994  0.51065719536158061  0.51920565673671670  0.52771211691413789
  0.53628787940995470  0.54497225670013094  0.55368996274266447  0.56261124807945462
  0.57128577902604061  0.57979135898083212  0.58831325302316506  0.59701276639858158
  0.60594043232660688  0.61503907574539862  0.62423441017985104  0.63350568719943456
  0.64272101332898579  0.65203432222966573  0.66131123268699521  0.67080333744352083
  0.68064022014943792  0.69082553342975139  0.70150932811485922  0.71304425243956127
  0.72476509815482881  0.73665243969641003  0.74892978637521745  0.76195185386358866
  0.77539136012876475  0.78938347380788942  0.80393910038929783  0.81865238264990503
  0.83340637811603491  0.84844323168239588  0.86404162252355132  0.88078600151826414
  0.89975017298212434  0.92266996799487611  0.95275717770471224  1.00000000000000000
 -0.00280658039956493  0.01064940408779795  0.02216699168800431  0.03401694666883907
  0.04576807026905040  0.05674573285338850  0.06764277946544256  0.07815090267941316
  0.08874358984727010  0.09935019797193180  0.11004282787326794  0.12108131730756570
  0.13292926952635881  0.14537362782080224  0.15782033083749361  0.16990217508738689
  0.18159994987936962  0.19300161305695521  0.20426900444491630  0.21540362713617062
  0.22623687854302019  0.23728707764881088  0.24832633997376091  0.25873169156108256
  0.26872295158607201  0.27879547199307575  0.28899438763756674  0.29892256084195701
  0.30846330548168377  0.31780904472988070  0.32715946885936392  0.33675403854497976
  0.34689726878189975  0.35708425535487864  0.36727297317676155  0.37752491520870274
  0.38760288060017278  0.39723030181072799  0.40624588323135558  0.41528013891131443
  0.42451818682143366  0.43381707587084417  0.44355774933695119  0.45353302460304973
  0.46369754813497444  0.47369514125763168  0.48365802688315113  0.49367642051683819
  0.50390832172761413  0.51410974860463532  0.52409951018887069  0.53435524229390552
  0.54430609089060844  0.55453325842269618  0.56520301174339638  0.57600460358271321
  0.58742019535989953  0.59888533056053139  0.61002957642076761  0.62051595659953906
  0.63118890052941934  0.64184025939673062  0.65287456954829415  0.66363907422733115
  0.67519978362829725  0.68651144346165627  0.69787334358515463  0.70886507691709766
  0.71935378922907500  0.72990389304341508  0.74066414085095755  0.75107087556880647
  0.76068054132684448  0.77010481233139472  0.77992230261813522  0.78978433482145183
  0.79958890266471305  0.80920434763517701  0.81979930762054809  0.83054237354045890
  0.84118719633681405  0.85208598167272653  0.86309432854631651  0.87378977439791772
  0.88579408823460559  0.89682407823285648  0.90681249314961199  0.91682022102811322
  0.92715758519246294  0.93793989671724232  0.94823852089743133  0.95849706156968228
  0.96877401663182861  0.97925604356128171  0.98959838416024692  1.00000000000000000
  0.01673907406610048  0.06577013572195692  0.09376545832228596  0.11357682808857247
  0.12997026922814875  0.14402778929396390  0.15660728005664090  0.16807555615050729
  0.17892893293926612  0.18919538515544118  0.19889084859639797  0.20832779412358479
  0.21764539563144111  0.22670178070186156  0.23537664549397422  0.24373105311519225
  0.25196108996939881  0.26011557732481611  0.26835459260609174  0.27603260603152557
  0.28339191788316043  0.29068476988502673  0.29751303962913167  0.30433494182142529
  0.31101093971835148  0.31753741870343427  0.32412469266983673  0.33070893836955545
  0.33709093858082401  0.34324616325390322  0.34925404070187022  0.35529974763778394
  0.36152766567617711  0.36766326677521605  0.37364888096444920  0.37975523836276392
  0.38590141831782354  0.39210941336156629  0.39859377402158247  0.40556009151929584
  0.41282381573293736  0.41943803192738421  0.42603446279848456  0.43247729145433439
  0.43870280689484542  0.44481258613207802  0.45086620512401188  0.45683399999347407
  0.46262746234933427  0.46836285469805250  0.47405614085920378  0.47976308522462791
  0.48578472515581755  0.49198718415857789  0.49841166875400361  0.50471994734815950
  0.51109667602929598  0.51743650713380496  0.52380924458085709  0.53025948362928588
  0.53667929982260665  0.54289539752858762  0.54875793229308112  0.55454855067209896
  0.56063994677458295  0.56703719117992024  0.57352121612226525  0.57984826298118541
  0.58608678774191725  0.59242579815311391  0.59876637453931214  0.60532673855745145
  0.61234650809644375  0.61958800728832797  0.62699359176891512  0.63470792087479455
  0.64236690267360586  0.65009105405901824  0.65808203824474909  0.66628196014634622
  0.67498775397017852  0.68364337427920108  0.69270803046934304  0.70200869932337295
  0.71152723447403521  0.72142940891340890  0.73175024316435955  0.74413517224876324
  0.75777581279113948  0.77293782037145753  0.78843539872996360  0.80580897661519224
  0.82550371713736137  0.85004749230232945  0.89058188692492657  1.00000000000000000
 -0.01870824022045033  0.13071836685712920  0.19145896335938828  0.23233566929352295
  0.26140159975478838  0.28403415858250403  0.30270182713451232  0.31927825093091938
  0.33355521760542312  0.34627433380884665  0.35796813355187962  0.36869379188655471
  0.37841801568840450  0.38744126471314710  0.39624489417185699  0.40447698063061888
  0.41248920676116901  0.42039318965751615  0.42823079186092783  0.43579824572306741
  0.44296707428055143  0.44981919721609387  0.45647599478305606  0.46288016349740935
  0.46909791757625879  0.47504525051348234  0.48080236407331578  0.48635112770006489
  0.49201866040652104  0.49777265827230377  0.50334759175275090  0.50873409878461195
  0.51400088478003170  0.51924497774049028  0.52444319448131649  0.52958254697306284
  0.53474641438246884  0.53998483542885889  0.54527188694043283  0.55056357422289426
  0.55574040487294019  0.56073527419888725  0.56582873738479689  0.57080024385332973
  0.57578831695297783  0.58071696073139678  0.58556049529812260  0.59032852910235578
  0.59504529683609109  0.59974806800273728  0.60446681380902223  0.60921489495975145
  0.61399378221861134  0.61875209668592523  0.62365112502231468  0.62834185909489049
  0.63297528686783933  0.63761930863656346  0.64209313364507470  0.64645931443096272
  0.65085603597273978  0.65531729602536004  0.65988776323803822  0.66466163340335116
  0.66941192229611135  0.67430061484072334  0.67904758347842609  0.68387470428634900
  0.68882246890381293  0.69387518728325992  0.69894730893672974  0.70407119372001781
  0.70931147867852862  0.71479348418313782  0.72049345107198959  0.72633193223704062
  0.73220773905075554  0.73801610658839811  0.74380851511138080  0.74982208533356154
  0.75607834531231133  0.76260323117374329  0.76902436598204538  0.77587881307838236
  0.78301249529105565  0.79041704086130027  0.79888636535256485  0.80805072262361111
  0.81792792251296442  0.82844573109395803  0.83971247523262205  0.85219520294629647
  0.86743895569470908  0.88844577465038432  0.91977565640236580  1.00000000000000000
   2.6592144153406130E-011  -1.0000000000000000     
 F F F F F F F F
  <DiscreteSampler_grid>
  grouped_processes
  1 # 1 for a reference and 2 for a running grid.
  10 # Attribute 'min_bin_probing_points' of the grid.
  1 # Attribute 'grid_mode' of the grid. 1=='default',2=='initialization'
  0.0000000000000000 # Attribute 'small_contrib_threshold' of the grid.
  0.5000000000000000 # Attribute 'damping_power' of the grid.
 # binID   n_entries weight   weight_sqr   abs_weight
    22   10   3.643988992044448E+003   3.212690240173473E+007   3.643988992044448E+003
    23   10   3.643988992044448E+003   3.212690240173473E+007   3.643988992044448E+003
    25   10   3.643988992044448E+003   3.212690240173473E+007   3.643988992044448E+003
    26   10   3.643988992044448E+003   3.212690240173473E+007   3.643988992044448E+003
    34   10   1.695390351095530E+004   6.782396520092084E+008   1.695390351095530E+004
    35   10   1.695390351095530E+004   6.782396520092084E+008   1.695390351095530E+004
  </DiscreteSampler_grid>
